$ANSIBLE_VAULT;1.1;AES256
36613863613734366530343032323464373438323632396165666163653734343633636462303331
3535396331613836646232383330373134626464366335370a383766323232613663303561393461
38323062643564393139353739633064396263363863343432616234386363626364376665666433
6562626462623261360a303962306462353965666531366564356239356136646531353766663464
30363931353333323163343764643063303465323239313132393466343436633533613337306566
65343931366336316462316234643362336636633935666631383962366636633637343763376566
35343065393263383130303466343466663931366262313132303332336135623363396131363763
39393161333263316131376134326339383263366365323736613865373136313062643336313132
64353232323435613963346330353664656231346366613863616665356236623333306563333834
36326539613234316539303933613863323534343837356435636132373237343734383762353663
62333738343565663266643766366431633231333861353933386561313730353761323239333538
38346137303064643830353638626530373335623964616332626337653437643430323835663732
33663137636636386438313133306130356537643236373833376264303431643333653961366537
39333164363563316362656664343531633130393865333233363663346565366636326262326530
31376162313038393963663365623062316635636334373866653464653065313837346336653434
34356439366637656638326461656632373364346332313930663731316538636161396331663933
39636133343235356663376635643931303236636434336132356630636534343364303365616536
31383539346364386262306138353065333562656439633365336332323530373835336662653032
33346235656261633139303732636664376665383731636430383163356138333731643138306366
33636163653731373634326166323334616530333339616239653266396531393735646263363266
61383261633765656539306338323433366434393661663531656133363037356231653832383039
39386666353164373462623739306533393463623063303031666661313537643337653135623561
33373936363865663635663237333036616532333362373062666163326531373665323738396561
62366131333632313964383735353461343236393365336662363237303533373239303765343161
65373732663564346364613030623765316333643865316533343335326565646235393761326530
35303032613463373937383863383765303035623739656562383139396132656662623832626133
62643561383136383739353264333761623762633834373135343962626135643930306262613065
32353037396138373431
